100
0 1 39
0 2 54
0 3 5
0 4 46
0 5 22
0 6 74
0 7 28
0 8 26
0 9 94
0 10 12
0 11 40
0 12 89
0 13 37
0 14 16
0 15 93
0 16 39
0 17 13
0 18 48
0 19 90
0 20 67
0 21 91
0 22 13
0 23 30
0 24 5
0 25 81
0 26 38
0 27 23
0 28 22
0 29 56
0 30 81
0 31 50
0 32 85
0 33 58
0 34 17
0 35 12
0 36 52
0 37 95
0 38 40
0 39 26
0 40 13
0 41 51
0 42 23
0 43 39
0 44 29
0 45 34
0 46 11
0 47 15
0 48 64
0 49 81
0 50 75
0 51 52
0 52 68
0 53 72
0 54 84
0 55 57
0 56 26
0 57 71
0 58 30
0 59 78
0 60 43
0 61 2
0 62 68
0 63 20
0 64 48
0 65 46
0 66 3
0 67 46
0 68 90
0 69 19
0 70 89
0 71 65
0 72 75
0 73 4
0 74 4
0 75 40
0 76 71
0 77 59
0 78 70
0 79 12
0 80 72
0 81 4
0 82 26
0 83 87
0 84 30
0 85 66
0 86 30
0 87 69
0 88 70
0 89 53
0 90 77
0 91 10
0 92 39
0 93 9
0 94 85
0 95 25
0 96 96
0 97 14
0 98 41
0 99 42
1 2 3
1 3 11
1 4 43
1 5 24
1 6 40
1 7 58
1 8 92
1 9 3
1 10 66
1 11 80
1 12 46
1 13 1
1 14 8
1 15 88
1 16 40
1 17 93
1 18 57
1 19 44
1 20 17
1 21 75
1 22 52
1 23 44
1 24 40
1 25 89
1 26 53
1 27 1
1 28 33
1 29 37
1 30 48
1 31 34
1 32 58
1 33 8
1 34 26
1 35 76
1 36 27
1 37 50
1 38 72
1 39 73
1 40 85
1 41 75
1 42 36
1 43 45
1 44 57
1 45 74
1 46 12
1 47 26
1 48 22
1 49 45
1 50 33
1 51 89
1 52 7
1 53 97
1 54 14
1 55 51
1 56 61
1 57 73
1 58 29
1 59 43
1 60 3
1 61 46
1 62 64
1 63 69
1 64 93
1 65 70
1 66 59
1 67 61
1 68 18
1 69 16
1 70 74
1 71 64
1 72 18
1 73 12
1 74 40
1 75 93
1 76 1
1 77 46
1 78 13
1 79 28
1 80 20
1 81 6
1 82 1
1 83 10
1 84 68
1 85 92
1 86 40
1 87 30
1 88 40
1 89 60
1 90 81
1 91 13
1 92 16
1 93 43
1 94 6
1 95 98
1 96 22
1 97 77
1 98 5
1 99 73
2 3 39
2 4 74
2 5 80
2 6 73
2 7 30
2 8 38
2 9 2
2 10 98
2 11 30
2 12 19
2 13 49
2 14 93
2 15 47
2 16 34
2 17 65
2 18 92
2 19 19
2 20 37
2 21 53
2 22 78
2 23 96
2 24 63
2 25 95
2 26 93
2 27 34
2 28 72
2 29 86
2 30 45
2 31 33
2 32 49
2 33 97
2 34 39
2 35 79
2 36 60
2 37 62
2 38 59
2 39 72
2 40 83
2 41 79
2 42 26
2 43 36
2 44 2
2 45 84
2 46 20
2 47 65
2 48 31
2 49 16
2 50 71
2 51 52
2 52 51
2 53 39
2 54 61
2 55 17
2 56 26
2 57 29
2 58 18
2 59 94
2 60 61
2 61 25
2 62 52
2 63 20
2 64 7
2 65 72
2 66 34
2 67 53
2 68 7
2 69 86
2 70 32
2 71 74
2 72 74
2 73 25
2 74 1
2 75 1
2 76 35
2 77 26
2 78 73
2 79 16
2 80 25
2 81 73
2 82 46
2 83 7
2 84 24
2 85 23
2 86 47
2 87 33
2 88 43
2 89 81
2 90 96
2 91 75
2 92 24
2 93 9
2 94 3
2 95 18
2 96 64
2 97 8
2 98 59
2 99 24
3 4 26
3 5 35
3 6 48
3 7 75
3 8 51
3 9 2
3 10 83
3 11 52
3 12 82
3 13 23
3 14 36
3 15 61
3 16 98
3 17 74
3 18 27
3 19 50
3 20 77
3 21 25
3 22 13
3 23 70
3 24 42
3 25 43
3 26 75
3 27 31
3 28 85
3 29 85
3 30 10
3 31 22
3 32 36
3 33 40
3 34 37
3 35 80
3 36 29
3 37 16
3 38 80
3 39 97
3 40 88
3 41 51
3 42 61
3 43 58
3 44 34
3 45 72
3 46 44
3 47 55
3 48 18
3 49 15
3 50 39
3 51 3
3 52 48
3 53 61
3 54 61
3 55 86
3 56 96
3 57 93
3 58 75
3 59 25
3 60 11
3 61 19
3 62 13
3 63 26
3 64 87
3 65 28
3 66 53
3 67 75
3 68 80
3 69 98
3 70 65
3 71 2
3 72 23
3 73 55
3 74 22
3 75 93
3 76 36
3 77 31
3 78 41
3 79 59
3 80 87
3 81 18
3 82 95
3 83 56
3 84 44
3 85 83
3 86 78
3 87 17
3 88 86
3 89 36
3 90 58
3 91 11
3 92 55
3 93 25
3 94 73
3 95 28
3 96 84
3 97 36
3 98 38
3 99 6
4 5 34
4 6 91
4 7 59
4 8 5
4 9 14
4 10 44
4 11 76
4 12 54
4 13 33
4 14 58
4 15 23
4 16 42
4 17 45
4 18 89
4 19 5
4 20 90
4 21 62
4 22 61
4 23 24
4 24 74
4 25 92
4 26 19
4 27 38
4 28 83
4 29 31
4 30 46
4 31 37
4 32 29
4 33 37
4 34 90
4 35 45
4 36 72
4 37 61
4 38 60
4 39 89
4 40 11
4 41 44
4 42 4
4 43 21
4 44 13
4 45 52
4 46 20
4 47 48
4 48 91
4 49 53
4 50 34
4 51 7
4 52 60
4 53 94
4 54 50
4 55 58
4 56 92
4 57 35
4 58 30
4 59 7
4 60 42
4 61 10
4 62 71
4 63 32
4 64 88
4 65 56
4 66 71
4 67 86
4 68 29
4 69 59
4 70 94
4 71 98
4 72 22
4 73 49
4 74 98
4 75 32
4 76 82
4 77 45
4 78 14
4 79 25
4 80 31
4 81 2
4 82 33
4 83 84
4 84 56
4 85 23
4 86 7
4 87 8
4 88 67
4 89 1
4 90 28
4 91 92
4 92 2
4 93 70
4 94 12
4 95 16
4 96 28
4 97 72
4 98 49
4 99 81
5 6 25
5 7 20
5 8 94
5 9 58
5 10 4
5 11 12
5 12 11
5 13 17
5 14 9
5 15 40
5 16 75
5 17 23
5 18 35
5 19 11
5 20 20
5 21 92
5 22 42
5 23 87
5 24 6
5 25 35
5 26 44
5 27 42
5 28 49
5 29 21
5 30 96
5 31 24
5 32 30
5 33 69
5 34 36
5 35 2
5 36 94
5 37 46
5 38 20
5 39 22
5 40 26
5 41 37
5 42 81
5 43 11
5 44 41
5 45 12
5 46 25
5 47 7
5 48 30
5 49 7
5 50 47
5 51 58
5 52 80
5 53 94
5 54 67
5 55 11
5 56 7
5 57 8
5 58 62
5 59 18
5 60 73
5 61 22
5 62 92
5 63 47
5 64 55
5 65 92
5 66 7
5 67 56
5 68 15
5 69 58
5 70 36
5 71 65
5 72 98
5 73 59
5 74 34
5 75 87
5 76 32
5 77 57
5 78 3
5 79 70
5 80 5
5 81 51
5 82 78
5 83 25
5 84 77
5 85 79
5 86 72
5 87 67
5 88 42
5 89 54
5 90 25
5 91 40
5 92 32
5 93 44
5 94 57
5 95 90
5 96 62
5 97 85
5 98 95
5 99 9
6 7 89
6 8 54
6 9 50
6 10 73
6 11 87
6 12 1
6 13 90
6 14 54
6 15 96
6 16 24
6 17 27
6 18 52
6 19 3
6 20 25
6 21 97
6 22 29
6 23 36
6 24 47
6 25 76
6 26 14
6 27 98
6 28 57
6 29 26
6 30 24
6 31 91
6 32 43
6 33 20
6 34 27
6 35 23
6 36 93
6 37 45
6 38 22
6 39 44
6 40 69
6 41 51
6 42 42
6 43 1
6 44 55
6 45 55
6 46 52
6 47 78
6 48 74
6 49 25
6 50 93
6 51 17
6 52 8
6 53 61
6 54 35
6 55 78
6 56 16
6 57 17
6 58 63
6 59 52
6 60 42
6 61 27
6 62 37
6 63 86
6 64 24
6 65 20
6 66 12
6 67 45
6 68 55
6 69 87
6 70 59
6 71 28
6 72 79
6 73 94
6 74 12
6 75 95
6 76 83
6 77 78
6 78 58
6 79 58
6 80 86
6 81 37
6 82 73
6 83 75
6 84 8
6 85 3
6 86 71
6 87 78
6 88 20
6 89 54
6 90 52
6 91 43
6 92 59
6 93 75
6 94 93
6 95 28
6 96 26
6 97 83
6 98 93
6 99 43
7 8 7
7 9 63
7 10 94
7 11 38
7 12 30
7 13 58
7 14 23
7 15 62
7 16 4
7 17 49
7 18 11
7 19 46
7 20 23
7 21 33
7 22 45
7 23 66
7 24 13
7 25 91
7 26 28
7 27 2
7 28 88
7 29 11
7 30 64
7 31 5
7 32 38
7 33 23
7 34 67
7 35 14
7 36 53
7 37 18
7 38 45
7 39 60
7 40 11
7 41 56
7 42 68
7 43 73
7 44 83
7 45 39
7 46 79
7 47 59
7 48 2
7 49 86
7 50 68
7 51 76
7 52 53
7 53 88
7 54 20
7 55 10
7 56 74
7 57 78
7 58 84
7 59 34
7 60 5
7 61 26
7 62 79
7 63 33
7 64 47
7 65 41
7 66 19
7 67 71
7 68 27
7 69 38
7 70 16
7 71 65
7 72 93
7 73 79
7 74 70
7 75 6
7 76 73
7 77 14
7 78 40
7 79 49
7 80 7
7 81 26
7 82 26
7 83 23
7 84 14
7 85 82
7 86 79
7 87 65
7 88 82
7 89 14
7 90 54
7 91 37
7 92 12
7 93 88
7 94 68
7 95 64
7 96 67
7 97 76
7 98 28
7 99 62
8 9 78
8 10 73
8 11 2
8 12 25
8 13 29
8 14 48
8 15 35
8 16 4
8 17 87
8 18 29
8 19 98
8 20 64
8 21 20
8 22 65
8 23 58
8 24 84
8 25 88
8 26 88
8 27 58
8 28 29
8 29 97
8 30 88
8 31 59
8 32 62
8 33 80
8 34 30
8 35 32
8 36 53
8 37 34
8 38 89
8 39 83
8 40 48
8 41 4
8 42 50
8 43 48
8 44 60
8 45 93
8 46 62
8 47 45
8 48 41
8 49 31
8 50 32
8 51 17
8 52 17
8 53 93
8 54 7
8 55 96
8 56 25
8 57 42
8 58 41
8 59 61
8 60 26
8 61 20
8 62 63
8 63 43
8 64 13
8 65 19
8 66 62
8 67 69
8 68 65
8 69 7
8 70 32
8 71 62
8 72 58
8 73 17
8 74 96
8 75 39
8 76 81
8 77 3
8 78 83
8 79 87
8 80 49
8 81 89
8 82 88
8 83 80
8 84 76
8 85 57
8 86 93
8 87 8
8 88 72
8 89 55
8 90 42
8 91 75
8 92 4
8 93 87
8 94 81
8 95 34
8 96 84
8 97 57
8 98 58
8 99 78
9 10 35
9 11 55
9 12 57
9 13 65
9 14 67
9 15 66
9 16 92
9 17 13
9 18 12
9 19 54
9 20 93
9 21 65
9 22 14
9 23 2
9 24 47
9 25 68
9 26 7
9 27 22
9 28 20
9 29 13
9 30 58
9 31 21
9 32 21
9 33 35
9 34 26
9 35 6
9 36 71
9 37 38
9 38 85
9 39 84
9 40 38
9 41 25
9 42 5
9 43 98
9 44 70
9 45 79
9 46 27
9 47 26
9 48 25
9 49 40
9 50 33
9 51 94
9 52 28
9 53 42
9 54 95
9 55 22
9 56 7
9 57 55
9 58 60
9 59 77
9 60 10
9 61 2
9 62 77
9 63 30
9 64 1
9 65 37
9 66 62
9 67 13
9 68 59
9 69 56
9 70 63
9 71 16
9 72 95
9 73 86
9 74 83
9 75 71
9 76 95
9 77 92
9 78 22
9 79 43
9 80 79
9 81 89
9 82 92
9 83 56
9 84 82
9 85 41
9 86 65
9 87 89
9 88 75
9 89 62
9 90 84
9 91 70
9 92 90
9 93 29
9 94 91
9 95 72
9 96 10
9 97 96
9 98 17
9 99 42
10 11 21
10 12 94
10 13 94
10 14 2
10 15 25
10 16 13
10 17 66
10 18 96
10 19 57
10 20 71
10 21 69
10 22 40
10 23 74
10 24 17
10 25 16
10 26 82
10 27 75
10 28 23
10 29 62
10 30 92
10 31 8
10 32 67
10 33 92
10 34 33
10 35 28
10 36 90
10 37 86
10 38 12
10 39 90
10 40 81
10 41 17
10 42 96
10 43 49
10 44 36
10 45 3
10 46 56
10 47 17
10 48 53
10 49 56
10 50 91
10 51 94
10 52 73
10 53 23
10 54 86
10 55 50
10 56 38
10 57 92
10 58 25
10 59 95
10 60 69
10 61 28
10 62 8
10 63 68
10 64 51
10 65 7
10 66 84
10 67 74
10 68 76
10 69 33
10 70 28
10 71 9
10 72 12
10 73 15
10 74 80
10 75 79
10 76 59
10 77 68
10 78 54
10 79 43
10 80 25
10 81 61
10 82 87
10 83 39
10 84 91
10 85 55
10 86 80
10 87 71
10 88 87
10 89 3
10 90 56
10 91 87
10 92 57
10 93 80
10 94 58
10 95 85
10 96 34
10 97 61
10 98 67
10 99 88
11 12 53
11 13 18
11 14 22
11 15 34
11 16 80
11 17 36
11 18 24
11 19 93
11 20 6
11 21 71
11 22 89
11 23 18
11 24 74
11 25 21
11 26 52
11 27 27
11 28 88
11 29 9
11 30 88
11 31 6
11 32 7
11 33 87
11 34 98
11 35 63
11 36 88
11 37 5
11 38 82
11 39 50
11 40 54
11 41 43
11 42 46
11 43 46
11 44 82
11 45 46
11 46 68
11 47 55
11 48 72
11 49 46
11 50 7
11 51 39
11 52 61
11 53 60
11 54 47
11 55 6
11 56 95
11 57 34
11 58 40
11 59 63
11 60 4
11 61 13
11 62 65
11 63 31
11 64 81
11 65 39
11 66 17
11 67 9
11 68 6
11 69 19
11 70 12
11 71 38
11 72 66
11 73 54
11 74 55
11 75 33
11 76 92
11 77 44
11 78 6
11 79 49
11 80 92
11 81 24
11 82 37
11 83 62
11 84 75
11 85 31
11 86 37
11 87 86
11 88 22
11 89 58
11 90 8
11 91 15
11 92 54
11 93 94
11 94 12
11 95 20
11 96 55
11 97 22
11 98 43
11 99 42
12 13 89
12 14 79
12 15 24
12 16 50
12 17 56
12 18 85
12 19 12
12 20 40
12 21 58
12 22 14
12 23 95
12 24 13
12 25 1
12 26 25
12 27 78
12 28 90
12 29 2
12 30 32
12 31 85
12 32 35
12 33 28
12 34 3
12 35 24
12 36 87
12 37 92
12 38 44
12 39 13
12 40 66
12 41 84
12 42 47
12 43 73
12 44 64
12 45 57
12 46 34
12 47 81
12 48 65
12 49 42
12 50 71
12 51 4
12 52 45
12 53 71
12 54 36
12 55 83
12 56 80
12 57 31
12 58 69
12 59 31
12 60 8
12 61 62
12 62 4
12 63 90
12 64 59
12 65 44
12 66 47
12 67 5
12 68 84
12 69 42
12 70 11
12 71 32
12 72 83
12 73 14
12 74 4
12 75 21
12 76 83
12 77 59
12 78 74
12 79 3
12 80 58
12 81 49
12 82 30
12 83 24
12 84 14
12 85 56
12 86 52
12 87 56
12 88 97
12 89 15
12 90 22
12 91 70
12 92 38
12 93 85
12 94 28
12 95 27
12 96 28
12 97 36
12 98 26
12 99 64
13 14 58
13 15 47
13 16 60
13 17 84
13 18 40
13 19 40
13 20 57
13 21 84
13 22 54
13 23 39
13 24 83
13 25 74
13 26 10
13 27 12
13 28 3
13 29 32
13 30 79
13 31 71
13 32 10
13 33 55
13 34 53
13 35 60
13 36 92
13 37 50
13 38 88
13 39 38
13 40 76
13 41 2
13 42 90
13 43 81
13 44 9
13 45 34
13 46 83
13 47 63
13 48 17
13 49 53
13 50 10
13 51 32
13 52 37
13 53 98
13 54 53
13 55 34
13 56 48
13 57 5
13 58 90
13 59 98
13 60 90
13 61 18
13 62 71
13 63 46
13 64 12
13 65 65
13 66 83
13 67 74
13 68 29
13 69 48
13 70 77
13 71 33
13 72 29
13 73 60
13 74 32
13 75 23
13 76 30
13 77 36
13 78 42
13 79 67
13 80 42
13 81 35
13 82 86
13 83 79
13 84 10
13 85 29
13 86 20
13 87 20
13 88 68
13 89 58
13 90 67
13 91 18
13 92 43
13 93 68
13 94 8
13 95 25
13 96 44
13 97 89
13 98 22
13 99 15
14 15 22
14 16 91
14 17 21
14 18 24
14 19 12
14 20 71
14 21 42
14 22 74
14 23 72
14 24 26
14 25 69
14 26 26
14 27 40
14 28 83
14 29 71
14 30 64
14 31 64
14 32 83
14 33 43
14 34 94
14 35 3
14 36 40
14 37 46
14 38 80
14 39 91
14 40 77
14 41 98
14 42 23
14 43 39
14 44 32
14 45 72
14 46 62
14 47 32
14 48 25
14 49 17
14 50 92
14 51 46
14 52 3
14 53 25
14 54 66
14 55 33
14 56 70
14 57 89
14 58 85
14 59 42
14 60 86
14 61 56
14 62 64
14 63 10
14 64 8
14 65 72
14 66 1
14 67 41
14 68 51
14 69 7
14 70 34
14 71 17
14 72 15
14 73 96
14 74 4
14 75 41
14 76 33
14 77 43
14 78 65
14 79 87
14 80 5
14 81 36
14 82 84
14 83 15
14 84 56
14 85 72
14 86 87
14 87 50
14 88 40
14 89 17
14 90 86
14 91 36
14 92 42
14 93 4
14 94 52
14 95 91
14 96 64
14 97 76
14 98 73
14 99 74
15 16 52
15 17 65
15 18 30
15 19 81
15 20 92
15 21 5
15 22 54
15 23 41
15 24 90
15 25 72
15 26 98
15 27 11
15 28 88
15 29 71
15 30 95
15 31 64
15 32 68
15 33 28
15 34 69
15 35 19
15 36 48
15 37 26
15 38 39
15 39 34
15 40 31
15 41 88
15 42 10
15 43 33
15 44 16
15 45 40
15 46 10
15 47 42
15 48 26
15 49 77
15 50 53
15 51 6
15 52 12
15 53 88
15 54 5
15 55 74
15 56 29
15 57 17
15 58 41
15 59 51
15 60 74
15 61 5
15 62 44
15 63 5
15 64 9
15 65 75
15 66 86
15 67 41
15 68 74
15 69 23
15 70 95
15 71 45
15 72 24
15 73 14
15 74 84
15 75 27
15 76 3
15 77 45
15 78 21
15 79 41
15 80 93
15 81 11
15 82 37
15 83 29
15 84 81
15 85 24
15 86 42
15 87 56
15 88 76
15 89 43
15 90 95
15 91 42
15 92 46
15 93 52
15 94 83
15 95 9
15 96 69
15 97 51
15 98 22
15 99 57
16 17 48
16 18 51
16 19 51
16 20 87
16 21 8
16 22 73
16 23 64
16 24 29
16 25 14
16 26 83
16 27 44
16 28 8
16 29 75
16 30 57
16 31 13
16 32 55
16 33 13
16 34 57
16 35 17
16 36 44
16 37 24
16 38 1
16 39 20
16 40 77
16 41 19
16 42 91
16 43 86
16 44 98
16 45 2
16 46 35
16 47 69
16 48 22
16 49 68
16 50 88
16 51 39
16 52 64
16 53 9
16 54 31
16 55 77
16 56 6
16 57 39
16 58 68
16 59 17
16 60 63
16 61 58
16 62 20
16 63 12
16 64 74
16 65 82
16 66 28
16 67 35
16 68 19
16 69 82
16 70 68
16 71 35
16 72 67
16 73 88
16 74 48
16 75 70
16 76 20
16 77 8
16 78 76
16 79 54
16 80 97
16 81 97
16 82 83
16 83 10
16 84 83
16 85 88
16 86 13
16 87 19
16 88 53
16 89 96
16 90 89
16 91 69
16 92 98
16 93 15
16 94 1
16 95 67
16 96 56
16 97 23
16 98 93
16 99 54
17 18 93
17 19 82
17 20 90
17 21 98
17 22 46
17 23 83
17 24 20
17 25 11
17 26 56
17 27 94
17 28 61
17 29 20
17 30 78
17 31 69
17 32 17
17 33 18
17 34 15
17 35 91
17 36 30
17 37 90
17 38 16
17 39 56
17 40 13
17 41 43
17 42 40
17 43 8
17 44 65
17 45 10
17 46 45
17 47 13
17 48 2
17 49 33
17 50 65
17 51 63
17 52 76
17 53 55
17 54 4
17 55 55
17 56 82
17 57 24
17 58 49
17 59 93
17 60 48
17 61 49
17 62 66
17 63 61
17 64 11
17 65 1
17 66 96
17 67 85
17 68 59
17 69 15
17 70 19
17 71 81
17 72 17
17 73 14
17 74 57
17 75 71
17 76 88
17 77 92
17 78 59
17 79 29
17 80 12
17 81 56
17 82 55
17 83 91
17 84 76
17 85 35
17 86 39
17 87 37
17 88 43
17 89 59
17 90 66
17 91 1
17 92 34
17 93 83
17 94 35
17 95 91
17 96 45
17 97 45
17 98 23
17 99 32
18 19 91
18 20 43
18 21 62
18 22 6
18 23 67
18 24 69
18 25 27
18 26 75
18 27 65
18 28 64
18 29 56
18 30 98
18 31 80
18 32 85
18 33 30
18 34 6
18 35 13
18 36 69
18 37 96
18 38 34
18 39 43
18 40 85
18 41 8
18 42 14
18 43 75
18 44 73
18 45 31
18 46 25
18 47 3
18 48 17
18 49 2
18 50 32
18 51 87
18 52 69
18 53 82
18 54 92
18 55 53
18 56 80
18 57 75
18 58 74
18 59 19
18 60 78
18 61 65
18 62 43
18 63 56
18 64 12
18 65 93
18 66 46
18 67 4
18 68 71
18 69 3
18 70 13
18 71 22
18 72 48
18 73 1
18 74 25
18 75 41
18 76 41
18 77 27
18 78 15
18 79 41
18 80 94
18 81 33
18 82 89
18 83 58
18 84 22
18 85 82
18 86 55
18 87 47
18 88 55
18 89 27
18 90 30
18 91 46
18 92 51
18 93 56
18 94 18
18 95 29
18 96 47
18 97 77
18 98 90
18 99 86
19 20 25
19 21 75
19 22 48
19 23 80
19 24 20
19 25 88
19 26 16
19 27 47
19 28 21
19 29 57
19 30 24
19 31 59
19 32 20
19 33 11
19 34 96
19 35 68
19 36 45
19 37 65
19 38 46
19 39 58
19 40 87
19 41 66
19 42 61
19 43 58
19 44 55
19 45 40
19 46 18
19 47 67
19 48 14
19 49 50
19 50 11
19 51 42
19 52 74
19 53 50
19 54 5
19 55 10
19 56 50
19 57 28
19 58 6
19 59 11
19 60 46
19 61 90
19 62 93
19 63 75
19 64 5
19 65 71
19 66 67
19 67 60
19 68 82
19 69 37
19 70 44
19 71 32
19 72 26
19 73 62
19 74 38
19 75 45
19 76 32
19 77 73
19 78 65
19 79 31
19 80 45
19 81 61
19 82 48
19 83 78
19 84 49
19 85 55
19 86 41
19 87 13
19 88 47
19 89 62
19 90 5
19 91 59
19 92 33
19 93 98
19 94 12
19 95 32
19 96 10
19 97 64
19 98 67
19 99 48
20 21 48
20 22 48
20 23 54
20 24 57
20 25 76
20 26 18
20 27 52
20 28 45
20 29 20
20 30 87
20 31 46
20 32 84
20 33 85
20 34 80
20 35 78
20 36 91
20 37 23
20 38 60
20 39 16
20 40 44
20 41 33
20 42 49
20 43 21
20 44 57
20 45 7
20 46 97
20 47 25
20 48 84
20 49 60
20 50 92
20 51 55
20 52 90
20 53 48
20 54 81
20 55 12
20 56 52
20 57 71
20 58 28
20 59 92
20 60 38
20 61 55
20 62 41
20 63 1
20 64 54
20 65 69
20 66 89
20 67 25
20 68 98
20 69 8
20 70 56
20 71 27
20 72 86
20 73 1
20 74 92
20 75 48
20 76 43
20 77 81
20 78 41
20 79 97
20 80 66
20 81 7
20 82 51
20 83 17
20 84 24
20 85 84
20 86 73
20 87 63
20 88 64
20 89 50
20 90 75
20 91 63
20 92 29
20 93 44
20 94 22
20 95 1
20 96 73
20 97 36
20 98 85
20 99 97
21 22 95
21 23 72
21 24 31
21 25 82
21 26 1
21 27 56
21 28 6
21 29 73
21 30 94
21 31 22
21 32 46
21 33 81
21 34 71
21 35 58
21 36 49
21 37 23
21 38 26
21 39 23
21 40 40
21 41 17
21 42 41
21 43 79
21 44 2
21 45 98
21 46 31
21 47 14
21 48 90
21 49 46
21 50 57
21 51 68
21 52 88
21 53 13
21 54 51
21 55 48
21 56 78
21 57 31
21 58 51
21 59 53
21 60 10
21 61 66
21 62 88
21 63 11
21 64 34
21 65 96
21 66 71
21 67 40
21 68 91
21 69 41
21 70 60
21 71 18
21 72 6
21 73 45
21 74 29
21 75 35
21 76 41
21 77 12
21 78 11
21 79 60
21 80 94
21 81 11
21 82 95
21 83 93
21 84 39
21 85 85
21 86 28
21 87 11
21 88 19
21 89 77
21 90 77
21 91 20
21 92 56
21 93 92
21 94 47
21 95 77
21 96 21
21 97 93
21 98 45
21 99 35
22 23 87
22 24 70
22 25 26
22 26 77
22 27 13
22 28 24
22 29 79
22 30 41
22 31 85
22 32 45
22 33 78
22 34 5
22 35 58
22 36 28
22 37 7
22 38 85
22 39 26
22 40 79
22 41 44
22 42 11
22 43 69
22 44 20
22 45 52
22 46 31
22 47 22
22 48 72
22 49 37
22 50 38
22 51 84
22 52 22
22 53 28
22 54 83
22 55 65
22 56 92
22 57 1
22 58 92
22 59 53
22 60 53
22 61 88
22 62 56
22 63 7
22 64 35
22 65 46
22 66 6
22 67 21
22 68 65
22 69 47
22 70 43
22 71 91
22 72 27
22 73 28
22 74 16
22 75 31
22 76 2
22 77 33
22 78 92
22 79 23
22 80 46
22 81 80
22 82 42
22 83 33
22 84 32
22 85 7
22 86 21
22 87 34
22 88 11
22 89 28
22 90 93
22 91 82
22 92 79
22 93 52
22 94 29
22 95 63
22 96 37
22 97 69
22 98 52
22 99 65
23 24 94
23 25 30
23 26 27
23 27 33
23 28 41
23 29 78
23 30 62
23 31 80
23 32 19
23 33 39
23 34 23
23 35 43
23 36 82
23 37 37
23 38 32
23 39 67
23 40 75
23 41 52
23 42 29
23 43 72
23 44 92
23 45 46
23 46 55
23 47 66
23 48 30
23 49 41
23 50 68
23 51 68
23 52 61
23 53 4
23 54 47
23 55 1
23 56 7
23 57 96
23 58 85
23 59 55
23 60 54
23 61 10
23 62 8
23 63 31
23 64 67
23 65 66
23 66 75
23 67 72
23 68 36
23 69 85
23 70 70
23 71 75
23 72 74
23 73 78
23 74 95
23 75 58
23 76 42
23 77 96
23 78 29
23 79 25
23 80 3
23 81 48
23 82 98
23 83 96
23 84 67
23 85 37
23 86 20
23 87 11
23 88 24
23 89 48
23 90 31
23 91 87
23 92 49
23 93 65
23 94 95
23 95 35
23 96 56
23 97 70
23 98 8
23 99 11
24 25 33
24 26 71
24 27 22
24 28 70
24 29 80
24 30 53
24 31 78
24 32 33
24 33 72
24 34 31
24 35 67
24 36 17
24 37 44
24 38 86
24 39 85
24 40 35
24 41 15
24 42 50
24 43 53
24 44 16
24 45 6
24 46 53
24 47 67
24 48 26
24 49 69
24 50 80
24 51 35
24 52 59
24 53 79
24 54 79
24 55 86
24 56 35
24 57 86
24 58 70
24 59 56
24 60 88
24 61 83
24 62 9
24 63 5
24 64 39
24 65 54
24 66 80
24 67 63
24 68 63
24 69 12
24 70 64
24 71 43
24 72 65
24 73 72
24 74 82
24 75 5
24 76 40
24 77 34
24 78 96
24 79 1
24 80 73
24 81 37
24 82 18
24 83 56
24 84 5
24 85 33
24 86 81
24 87 43
24 88 56
24 89 31
24 90 45
24 91 40
24 92 97
24 93 64
24 94 72
24 95 79
24 96 73
24 97 14
24 98 15
24 99 75
25 26 13
25 27 47
25 28 80
25 29 64
25 30 41
25 31 74
25 32 39
25 33 69
25 34 42
25 35 59
25 36 47
25 37 14
25 38 1
25 39 44
25 40 81
25 41 1
25 42 49
25 43 65
25 44 59
25 45 34
25 46 58
25 47 41
25 48 47
25 49 8
25 50 10
25 51 26
25 52 70
25 53 62
25 54 2
25 55 5
25 56 2
25 57 51
25 58 66
25 59 4
25 60 22
25 61 26
25 62 59
25 63 2
25 64 3
25 65 77
25 66 26
25 67 48
25 68 70
25 69 95
25 70 37
25 71 22
25 72 17
25 73 39
25 74 38
25 75 48
25 76 80
25 77 7
25 78 12
25 79 98
25 80 58
25 81 22
25 82 54
25 83 34
25 84 33
25 85 65
25 86 32
25 87 89
25 88 32
25 89 28
25 90 79
25 91 87
25 92 85
25 93 34
25 94 19
25 95 34
25 96 57
25 97 33
25 98 36
25 99 5
26 27 40
26 28 73
26 29 17
26 30 91
26 31 51
26 32 4
26 33 63
26 34 51
26 35 52
26 36 59
26 37 11
26 38 3
26 39 28
26 40 68
26 41 74
26 42 36
26 43 3
26 44 20
26 45 11
26 46 57
26 47 34
26 48 48
26 49 6
26 50 89
26 51 80
26 52 85
26 53 2
26 54 71
26 55 3
26 56 30
26 57 59
26 58 20
26 59 4
26 60 51
26 61 87
26 62 80
26 63 42
26 64 23
26 65 83
26 66 38
26 67 21
26 68 17
26 69 6
26 70 69
26 71 38
26 72 70
26 73 21
26 74 12
26 75 74
26 76 55
26 77 54
26 78 5
26 79 39
26 80 95
26 81 38
26 82 42
26 83 64
26 84 3
26 85 4
26 86 75
26 87 6
26 88 59
26 89 46
26 90 26
26 91 40
26 92 34
26 93 57
26 94 68
26 95 98
26 96 22
26 97 87
26 98 81
26 99 65
27 28 10
27 29 14
27 30 75
27 31 38
27 32 7
27 33 12
27 34 95
27 35 60
27 36 33
27 37 81
27 38 81
27 39 9
27 40 82
27 41 93
27 42 52
27 43 7
27 44 60
27 45 81
27 46 2
27 47 24
27 48 68
27 49 24
27 50 97
27 51 12
27 52 69
27 53 76
27 54 19
27 55 31
27 56 26
27 57 10
27 58 44
27 59 11
27 60 8
27 61 94
27 62 93
27 63 30
27 64 66
27 65 60
27 66 24
27 67 12
27 68 96
27 69 49
27 70 51
27 71 31
27 72 82
27 73 16
27 74 89
27 75 50
27 76 46
27 77 50
27 78 72
27 79 50
27 80 91
27 81 85
27 82 76
27 83 63
27 84 10
27 85 98
27 86 53
27 87 74
27 88 34
27 89 33
27 90 59
27 91 35
27 92 17
27 93 48
27 94 37
27 95 20
27 96 60
27 97 89
27 98 72
27 99 84
28 29 91
28 30 33
28 31 52
28 32 73
28 33 3
28 34 20
28 35 83
28 36 47
28 37 15
28 38 42
28 39 27
28 40 82
28 41 36
28 42 54
28 43 79
28 44 53
28 45 22
28 46 51
28 47 10
28 48 58
28 49 24
28 50 14
28 51 47
28 52 34
28 53 10
28 54 82
28 55 35
28 56 36
28 57 55
28 58 96
28 59 83
28 60 92
28 61 31
28 62 79
28 63 96
28 64 44
28 65 42
28 66 24
28 67 31
28 68 64
28 69 49
28 70 57
28 71 87
28 72 44
28 73 7
28 74 28
28 75 56
28 76 4
28 77 46
28 78 73
28 79 37
28 80 8
28 81 70
28 82 74
28 83 91
28 84 33
28 85 59
28 86 48
28 87 1
28 88 46
28 89 85
28 90 86
28 91 24
28 92 95
28 93 23
28 94 79
28 95 19
28 96 79
28 97 75
28 98 66
28 99 25
29 30 24
29 31 67
29 32 43
29 33 6
29 34 69
29 35 90
29 36 96
29 37 75
29 38 4
29 39 59
29 40 4
29 41 22
29 42 90
29 43 13
29 44 30
29 45 58
29 46 73
29 47 52
29 48 69
29 49 25
29 50 32
29 51 7
29 52 98
29 53 9
29 54 27
29 55 86
29 56 88
29 57 34
29 58 63
29 59 45
29 60 39
29 61 64
29 62 91
29 63 78
29 64 82
29 65 31
29 66 90
29 67 49
29 68 81
29 69 69
29 70 15
29 71 32
29 72 69
29 73 56
29 74 4
29 75 5
29 76 17
29 77 36
29 78 77
29 79 97
29 80 74
29 81 97
29 82 15
29 83 67
29 84 38
29 85 6
29 86 73
29 87 41
29 88 18
29 89 95
29 90 17
29 91 75
29 92 82
29 93 85
29 94 73
29 95 53
29 96 36
29 97 76
29 98 16
29 99 31
30 31 79
30 32 46
30 33 10
30 34 21
30 35 84
30 36 61
30 37 24
30 38 40
30 39 46
30 40 92
30 41 77
30 42 80
30 43 74
30 44 98
30 45 18
30 46 8
30 47 3
30 48 40
30 49 11
30 50 89
30 51 37
30 52 21
30 53 41
30 54 85
30 55 69
30 56 89
30 57 52
30 58 16
30 59 2
30 60 30
30 61 67
30 62 87
30 63 36
30 64 41
30 65 89
30 66 67
30 67 46
30 68 87
30 69 87
30 70 22
30 71 93
30 72 97
30 73 3
30 74 81
30 75 67
30 76 64
30 77 79
30 78 18
30 79 37
30 80 12
30 81 60
30 82 47
30 83 32
30 84 48
30 85 52
30 86 21
30 87 68
30 88 24
30 89 43
30 90 55
30 91 43
30 92 44
30 93 73
30 94 6
30 95 57
30 96 36
30 97 48
30 98 93
30 99 41
31 32 89
31 33 39
31 34 49
31 35 24
31 36 43
31 37 98
31 38 54
31 39 1
31 40 44
31 41 33
31 42 29
31 43 10
31 44 81
31 45 32
31 46 80
31 47 71
31 48 17
31 49 67
31 50 17
31 51 47
31 52 84
31 53 51
31 54 89
31 55 45
31 56 9
31 57 36
31 58 43
31 59 69
31 60 35
31 61 44
31 62 94
31 63 36
31 64 30
31 65 61
31 66 30
31 67 21
31 68 62
31 69 10
31 70 15
31 71 95
31 72 51
31 73 66
31 74 48
31 75 19
31 76 87
31 77 95
31 78 65
31 79 59
31 80 76
31 81 18
31 82 57
31 83 27
31 84 7
31 85 85
31 86 17
31 87 57
31 88 91
31 89 94
31 90 91
31 91 25
31 92 31
31 93 14
31 94 20
31 95 3
31 96 95
31 97 19
31 98 98
31 99 60
32 33 73
32 34 33
32 35 9
32 36 51
32 37 70
32 38 50
32 39 30
32 40 87
32 41 30
32 42 71
32 43 81
32 44 23
32 45 57
32 46 47
32 47 11
32 48 36
32 49 78
32 50 81
32 51 49
32 52 65
32 53 50
32 54 74
32 55 53
32 56 34
32 57 36
32 58 73
32 59 94
32 60 22
32 61 33
32 62 98
32 63 35
32 64 47
32 65 65
32 66 45
32 67 54
32 68 41
32 69 81
32 70 56
32 71 95
32 72 53
32 73 18
32 74 44
32 75 77
32 76 12
32 77 24
32 78 52
32 79 11
32 80 97
32 81 43
32 82 31
32 83 36
32 84 72
32 85 31
32 86 16
32 87 29
32 88 94
32 89 41
32 90 78
32 91 67
32 92 18
32 93 85
32 94 27
32 95 48
32 96 82
32 97 39
32 98 33
32 99 89
33 34 71
33 35 36
33 36 50
33 37 67
33 38 90
33 39 98
33 40 72
33 41 72
33 42 5
33 43 42
33 44 68
33 45 89
33 46 33
33 47 2
33 48 63
33 49 41
33 50 72
33 51 58
33 52 2
33 53 50
33 54 90
33 55 83
33 56 31
33 57 98
33 58 69
33 59 65
33 60 76
33 61 24
33 62 83
33 63 78
33 64 25
33 65 92
33 66 65
33 67 65
33 68 16
33 69 91
33 70 25
33 71 4
33 72 12
33 73 16
33 74 3
33 75 90
33 76 96
33 77 27
33 78 57
33 79 76
33 80 2
33 81 95
33 82 15
33 83 26
33 84 68
33 85 35
33 86 82
33 87 95
33 88 88
33 89 36
33 90 58
33 91 91
33 92 83
33 93 59
33 94 81
33 95 60
33 96 72
33 97 21
33 98 78
33 99 83
34 35 29
34 36 82
34 37 52
34 38 69
34 39 74
34 40 44
34 41 86
34 42 25
34 43 59
34 44 98
34 45 2
34 46 1
34 47 64
34 48 59
34 49 75
34 50 80
34 51 9
34 52 93
34 53 96
34 54 25
34 55 33
34 56 36
34 57 26
34 58 49
34 59 70
34 60 93
34 61 13
34 62 6
34 63 58
34 64 32
34 65 68
34 66 80
34 67 63
34 68 17
34 69 61
34 70 53
34 71 8
34 72 84
34 73 30
34 74 56
34 75 93
34 76 78
34 77 76
34 78 82
34 79 92
34 80 27
34 81 39
34 82 89
34 83 46
34 84 23
34 85 30
34 86 73
34 87 28
34 88 69
34 89 37
34 90 7
34 91 15
34 92 87
34 93 93
34 94 81
34 95 26
34 96 54
34 97 37
34 98 92
34 99 93
35 36 90
35 37 44
35 38 26
35 39 48
35 40 86
35 41 64
35 42 18
35 43 28
35 44 90
35 45 73
35 46 37
35 47 96
35 48 72
35 49 38
35 50 10
35 51 68
35 52 76
35 53 93
35 54 21
35 55 1
35 56 66
35 57 27
35 58 58
35 59 17
35 60 75
35 61 75
35 62 31
35 63 21
35 64 61
35 65 23
35 66 86
35 67 2
35 68 9
35 69 50
35 70 62
35 71 78
35 72 32
35 73 8
35 74 88
35 75 62
35 76 11
35 77 28
35 78 38
35 79 1
35 80 12
35 81 75
35 82 95
35 83 72
35 84 41
35 85 20
35 86 48
35 87 15
35 88 33
35 89 15
35 90 72
35 91 67
35 92 36
35 93 1
35 94 2
35 95 32
35 96 76
35 97 66
35 98 3
35 99 36
36 37 89
36 38 72
36 39 47
36 40 18
36 41 74
36 42 29
36 43 91
36 44 53
36 45 98
36 46 34
36 47 84
36 48 31
36 49 74
36 50 54
36 51 90
36 52 49
36 53 20
36 54 27
36 55 3
36 56 39
36 57 82
36 58 82
36 59 94
36 60 9
36 61 26
36 62 50
36 63 60
36 64 60
36 65 39
36 66 23
36 67 77
36 68 73
36 69 85
36 70 46
36 71 93
36 72 82
36 73 96
36 74 78
36 75 33
36 76 82
36 77 89
36 78 34
36 79 57
36 80 96
36 81 32
36 82 50
36 83 88
36 84 57
36 85 29
36 86 30
36 87 80
36 88 35
36 89 91
36 90 88
36 91 28
36 92 1
36 93 70
36 94 10
36 95 86
36 96 44
36 97 91
36 98 17
36 99 29
37 38 35
37 39 27
37 40 85
37 41 94
37 42 23
37 43 21
37 44 97
37 45 25
37 46 89
37 47 73
37 48 82
37 49 57
37 50 73
37 51 67
37 52 8
37 53 58
37 54 41
37 55 50
37 56 44
37 57 50
37 58 48
37 59 90
37 60 74
37 61 36
37 62 10
37 63 34
37 64 51
37 65 57
37 66 56
37 67 96
37 68 43
37 69 92
37 70 26
37 71 86
37 72 83
37 73 46
37 74 81
37 75 36
37 76 57
37 77 53
37 78 66
37 79 86
37 80 67
37 81 85
37 82 76
37 83 51
37 84 62
37 85 69
37 86 68
37 87 14
37 88 85
37 89 51
37 90 94
37 91 70
37 92 98
37 93 71
37 94 61
37 95 4
37 96 87
37 97 90
37 98 60
37 99 13
38 39 74
38 40 35
38 41 98
38 42 3
38 43 1
38 44 62
38 45 57
38 46 73
38 47 95
38 48 85
38 49 21
38 50 76
38 51 78
38 52 75
38 53 7
38 54 54
38 55 17
38 56 62
38 57 12
38 58 68
38 59 74
38 60 63
38 61 50
38 62 32
38 63 98
38 64 84
38 65 30
38 66 84
38 67 98
38 68 53
38 69 6
38 70 57
38 71 23
38 72 19
38 73 64
38 74 58
38 75 37
38 76 38
38 77 6
38 78 30
38 79 26
38 80 64
38 81 97
38 82 60
38 83 40
38 84 78
38 85 36
38 86 43
38 87 70
38 88 39
38 89 82
38 90 81
38 91 19
38 92 9
38 93 84
38 94 84
38 95 46
38 96 48
38 97 75
38 98 49
38 99 64
39 40 25
39 41 6
39 42 63
39 43 82
39 44 63
39 45 43
39 46 91
39 47 56
39 48 10
39 49 55
39 50 40
39 51 62
39 52 55
39 53 78
39 54 44
39 55 2
39 56 24
39 57 1
39 58 66
39 59 98
39 60 30
39 61 16
39 62 63
39 63 66
39 64 34
39 65 3
39 66 68
39 67 31
39 68 82
39 69 9
39 70 36
39 71 76
39 72 37
39 73 6
39 74 40
39 75 22
39 76 85
39 77 68
39 78 2
39 79 88
39 80 50
39 81 6
39 82 85
39 83 45
39 84 4
39 85 9
39 86 94
39 87 51
39 88 64
39 89 94
39 90 6
39 91 48
39 92 5
39 93 38
39 94 41
39 95 10
39 96 24
39 97 34
39 98 29
39 99 77
40 41 75
40 42 26
40 43 82
40 44 6
40 45 20
40 46 23
40 47 62
40 48 53
40 49 57
40 50 9
40 51 7
40 52 79
40 53 46
40 54 12
40 55 24
40 56 53
40 57 33
40 58 12
40 59 30
40 60 56
40 61 27
40 62 25
40 63 20
40 64 90
40 65 42
40 66 59
40 67 57
40 68 55
40 69 42
40 70 13
40 71 85
40 72 37
40 73 86
40 74 8
40 75 7
40 76 40
40 77 38
40 78 27
40 79 26
40 80 76
40 81 30
40 82 90
40 83 23
40 84 98
40 85 53
40 86 81
40 87 18
40 88 34
40 89 13
40 90 73
40 91 57
40 92 43
40 93 77
40 94 46
40 95 97
40 96 24
40 97 26
40 98 26
40 99 88
41 42 96
41 43 15
41 44 82
41 45 63
41 46 44
41 47 92
41 48 7
41 49 30
41 50 19
41 51 73
41 52 27
41 53 14
41 54 14
41 55 88
41 56 78
41 57 98
41 58 45
41 59 53
41 60 38
41 61 63
41 62 43
41 63 76
41 64 13
41 65 38
41 66 11
41 67 15
41 68 47
41 69 91
41 70 59
41 71 86
41 72 74
41 73 80
41 74 92
41 75 90
41 76 22
41 77 72
41 78 62
41 79 2
41 80 80
41 81 53
41 82 52
41 83 54
41 84 68
41 85 12
41 86 30
41 87 25
41 88 32
41 89 6
41 90 36
41 91 26
41 92 53
41 93 43
41 94 5
41 95 7
41 96 18
41 97 36
41 98 6
41 99 66
42 43 84
42 44 45
42 45 32
42 46 84
42 47 42
42 48 40
42 49 61
42 50 44
42 51 21
42 52 60
42 53 37
42 54 14
42 55 42
42 56 40
42 57 34
42 58 4
42 59 89
42 60 33
42 61 88
42 62 96
42 63 44
42 64 29
42 65 26
42 66 96
42 67 96
42 68 69
42 69 44
42 70 73
42 71 88
42 72 90
42 73 21
42 74 4
42 75 34
42 76 1
42 77 40
42 78 5
42 79 31
42 80 48
42 81 69
42 82 9
42 83 43
42 84 34
42 85 20
42 86 31
42 87 34
42 88 58
42 89 60
42 90 16
42 91 62
42 92 54
42 93 18
42 94 19
42 95 55
42 96 78
42 97 88
42 98 13
42 99 64
43 44 63
43 45 22
43 46 53
43 47 50
43 48 66
43 49 57
43 50 69
43 51 87
43 52 7
43 53 97
43 54 23
43 55 40
43 56 96
43 57 3
43 58 34
43 59 5
43 60 22
43 61 8
43 62 88
43 63 89
43 64 79
43 65 16
43 66 50
43 67 37
43 68 78
43 69 85
43 70 55
43 71 27
43 72 80
43 73 1
43 74 11
43 75 8
43 76 97
43 77 84
43 78 46
43 79 82
43 80 36
43 81 77
43 82 29
43 83 96
43 84 17
43 85 57
43 86 8
43 87 26
43 88 28
43 89 12
43 90 82
43 91 63
43 92 27
43 93 72
43 94 78
43 95 30
43 96 23
43 97 43
43 98 4
43 99 97
44 45 10
44 46 13
44 47 79
44 48 44
44 49 31
44 50 5
44 51 90
44 52 3
44 53 83
44 54 14
44 55 40
44 56 44
44 57 85
44 58 8
44 59 22
44 60 69
44 61 33
44 62 97
44 63 25
44 64 2
44 65 8
44 66 83
44 67 61
44 68 47
44 69 96
44 70 84
44 71 65
44 72 84
44 73 78
44 74 64
44 75 33
44 76 4
44 77 25
44 78 80
44 79 11
44 80 9
44 81 20
44 82 33
44 83 26
44 84 53
44 85 87
44 86 79
44 87 21
44 88 72
44 89 18
44 90 65
44 91 89
44 92 40
44 93 26
44 94 52
44 95 64
44 96 80
44 97 74
44 98 10
44 99 39
45 46 25
45 47 94
45 48 67
45 49 73
45 50 45
45 51 33
45 52 90
45 53 55
45 54 42
45 55 72
45 56 39
45 57 9
45 58 7
45 59 54
45 60 89
45 61 50
45 62 22
45 63 10
45 64 75
45 65 79
45 66 45
45 67 79
45 68 77
45 69 53
45 70 39
45 71 98
45 72 51
45 73 9
45 74 38
45 75 62
45 76 89
45 77 10
45 78 95
45 79 2
45 80 89
45 81 63
45 82 32
45 83 53
45 84 56
45 85 78
45 86 95
45 87 69
45 88 60
45 89 73
45 90 80
45 91 47
45 92 33
45 93 83
45 94 76
45 95 28
45 96 7
45 97 84
45 98 79
45 99 55
46 47 62
46 48 58
46 49 87
46 50 81
46 51 21
46 52 51
46 53 69
46 54 56
46 55 16
46 56 38
46 57 31
46 58 95
46 59 87
46 60 57
46 61 13
46 62 68
46 63 63
46 64 38
46 65 55
46 66 29
46 67 12
46 68 79
46 69 24
46 70 11
46 71 50
46 72 8
46 73 73
46 74 69
46 75 30
46 76 28
46 77 27
46 78 72
46 79 90
46 80 97
46 81 85
46 82 72
46 83 15
46 84 48
46 85 86
46 86 75
46 87 75
46 88 19
46 89 23
46 90 6
46 91 1
46 92 47
46 93 87
46 94 74
46 95 72
46 96 41
46 97 65
46 98 6
46 99 63
47 48 67
47 49 37
47 50 60
47 51 45
47 52 42
47 53 98
47 54 63
47 55 32
47 56 80
47 57 14
47 58 86
47 59 49
47 60 89
47 61 40
47 62 96
47 63 46
47 64 84
47 65 82
47 66 30
47 67 28
47 68 82
47 69 51
47 70 95
47 71 60
47 72 62
47 73 20
47 74 90
47 75 56
47 76 82
47 77 3
47 78 58
47 79 29
47 80 54
47 81 34
47 82 35
47 83 92
47 84 54
47 85 80
47 86 20
47 87 40
47 88 29
47 89 49
47 90 75
47 91 29
47 92 56
47 93 73
47 94 20
47 95 1
47 96 64
47 97 12
47 98 39
47 99 8
48 49 1
48 50 35
48 51 5
48 52 43
48 53 36
48 54 51
48 55 68
48 56 81
48 57 64
48 58 55
48 59 19
48 60 65
48 61 31
48 62 59
48 63 57
48 64 44
48 65 7
48 66 97
48 67 80
48 68 38
48 69 60
48 70 97
48 71 78
48 72 7
48 73 49
48 74 53
48 75 34
48 76 41
48 77 82
48 78 53
48 79 47
48 80 34
48 81 93
48 82 12
48 83 18
48 84 59
48 85 76
48 86 73
48 87 84
48 88 23
48 89 81
48 90 41
48 91 69
48 92 52
48 93 72
48 94 96
48 95 77
48 96 16
48 97 54
48 98 82
48 99 3
49 50 67
49 51 98
49 52 96
49 53 62
49 54 39
49 55 58
49 56 12
49 57 45
49 58 32
49 59 46
49 60 72
49 61 8
49 62 56
49 63 62
49 64 8
49 65 2
49 66 35
49 67 14
49 68 57
49 69 35
49 70 47
49 71 48
49 72 37
49 73 36
49 74 62
49 75 71
49 76 26
49 77 86
49 78 53
49 79 79
49 80 41
49 81 73
49 82 41
49 83 78
49 84 40
49 85 63
49 86 62
49 87 9
49 88 44
49 89 28
49 90 55
49 91 74
49 92 25
49 93 4
49 94 96
49 95 96
49 96 64
49 97 25
49 98 94
49 99 27
50 51 72
50 52 87
50 53 89
50 54 90
50 55 98
50 56 37
50 57 27
50 58 91
50 59 29
50 60 31
50 61 63
50 62 30
50 63 83
50 64 67
50 65 76
50 66 50
50 67 74
50 68 24
50 69 54
50 70 29
50 71 47
50 72 54
50 73 46
50 74 46
50 75 6
50 76 50
50 77 52
50 78 6
50 79 36
50 80 74
50 81 95
50 82 16
50 83 65
50 84 56
50 85 72
50 86 23
50 87 52
50 88 76
50 89 37
50 90 91
50 91 21
50 92 53
50 93 58
50 94 10
50 95 80
50 96 12
50 97 9
50 98 98
50 99 81
51 52 92
51 53 32
51 54 11
51 55 50
51 56 55
51 57 12
51 58 23
51 59 41
51 60 3
51 61 55
51 62 32
51 63 96
51 64 32
51 65 24
51 66 4
51 67 85
51 68 84
51 69 34
51 70 17
51 71 82
51 72 80
51 73 46
51 74 83
51 75 93
51 76 37
51 77 80
51 78 83
51 79 78
51 80 50
51 81 38
51 82 21
51 83 3
51 84 86
51 85 89
51 86 4
51 87 19
51 88 88
51 89 26
51 90 7
51 91 95
51 92 15
51 93 97
51 94 97
51 95 11
51 96 98
51 97 97
51 98 27
51 99 81
52 53 60
52 54 32
52 55 57
52 56 34
52 57 30
52 58 85
52 59 60
52 60 84
52 61 6
52 62 73
52 63 73
52 64 15
52 65 29
52 66 10
52 67 33
52 68 48
52 69 5
52 70 47
52 71 21
52 72 84
52 73 82
52 74 98
52 75 93
52 76 9
52 77 42
52 78 7
52 79 40
52 80 67
52 81 70
52 82 62
52 83 22
52 84 75
52 85 47
52 86 58
52 87 46
52 88 28
52 89 27
52 90 71
52 91 13
52 92 33
52 93 89
52 94 21
52 95 2
52 96 21
52 97 88
52 98 11
52 99 21
53 54 75
53 55 91
53 56 74
53 57 42
53 58 36
53 59 16
53 60 54
53 61 22
53 62 88
53 63 80
53 64 35
53 65 69
53 66 50
53 67 98
53 68 35
53 69 45
53 70 55
53 71 42
53 72 4
53 73 73
53 74 42
53 75 82
53 76 54
53 77 22
53 78 54
53 79 34
53 80 83
53 81 26
53 82 3
53 83 84
53 84 13
53 85 45
53 86 79
53 87 85
53 88 15
53 89 42
53 90 83
53 91 67
53 92 27
53 93 76
53 94 80
53 95 39
53 96 50
53 97 54
53 98 42
53 99 49
54 55 22
54 56 16
54 57 24
54 58 18
54 59 76
54 60 38
54 61 39
54 62 48
54 63 11
54 64 19
54 65 59
54 66 6
54 67 16
54 68 33
54 69 60
54 70 80
54 71 7
54 72 18
54 73 88
54 74 47
54 75 9
54 76 19
54 77 14
54 78 91
54 79 48
54 80 59
54 81 7
54 82 85
54 83 58
54 84 55
54 85 92
54 86 89
54 87 50
54 88 27
54 89 56
54 90 22
54 91 3
54 92 58
54 93 18
54 94 39
54 95 2
54 96 28
54 97 19
54 98 67
54 99 98
55 56 76
55 57 59
55 58 16
55 59 48
55 60 4
55 61 55
55 62 67
55 63 7
55 64 63
55 65 43
55 66 15
55 67 97
55 68 18
55 69 75
55 70 63
55 71 80
55 72 76
55 73 16
55 74 80
55 75 87
55 76 35
55 77 90
55 78 93
55 79 16
55 80 43
55 81 31
55 82 65
55 83 26
55 84 19
55 85 40
55 86 35
55 87 57
55 88 84
55 89 47
55 90 40
55 91 59
55 92 48
55 93 39
55 94 27
55 95 38
55 96 54
55 97 44
55 98 31
55 99 33
56 57 67
56 58 6
56 59 18
56 60 52
56 61 92
56 62 88
56 63 12
56 64 13
56 65 18
56 66 79
56 67 87
56 68 14
56 69 68
56 70 6
56 71 77
56 72 43
56 73 91
56 74 1
56 75 73
56 76 45
56 77 94
56 78 49
56 79 15
56 80 69
56 81 81
56 82 79
56 83 34
56 84 29
56 85 55
56 86 38
56 87 39
56 88 94
56 89 10
56 90 65
56 91 67
56 92 47
56 93 58
56 94 84
56 95 65
56 96 90
56 97 55
56 98 72
56 99 34
57 58 22
57 59 39
57 60 31
57 61 96
57 62 9
57 63 70
57 64 12
57 65 28
57 66 86
57 67 98
57 68 52
57 69 26
57 70 35
57 71 19
57 72 69
57 73 54
57 74 14
57 75 68
57 76 15
57 77 86
57 78 24
57 79 88
57 80 24
57 81 44
57 82 61
57 83 72
57 84 24
57 85 17
57 86 96
57 87 56
57 88 59
57 89 73
57 90 55
57 91 57
57 92 78
57 93 84
57 94 66
57 95 80
57 96 30
57 97 31
57 98 69
57 99 94
58 59 19
58 60 68
58 61 60
58 62 60
58 63 29
58 64 24
58 65 5
58 66 39
58 67 47
58 68 32
58 69 5
58 70 53
58 71 53
58 72 93
58 73 1
58 74 97
58 75 92
58 76 61
58 77 14
58 78 82
58 79 3
58 80 14
58 81 64
58 82 20
58 83 73
58 84 84
58 85 21
58 86 65
58 87 97
58 88 35
58 89 13
58 90 4
58 91 10
58 92 57
58 93 45
58 94 29
58 95 73
58 96 46
58 97 84
58 98 52
58 99 34
59 60 96
59 61 27
59 62 59
59 63 93
59 64 73
59 65 97
59 66 56
59 67 83
59 68 54
59 69 65
59 70 41
59 71 35
59 72 20
59 73 35
59 74 39
59 75 95
59 76 2
59 77 9
59 78 53
59 79 13
59 80 88
59 81 11
59 82 14
59 83 86
59 84 85
59 85 19
59 86 8
59 87 4
59 88 1
59 89 69
59 90 71
59 91 61
59 92 39
59 93 20
59 94 15
59 95 50
59 96 1
59 97 27
59 98 27
59 99 16
60 61 58
60 62 41
60 63 7
60 64 92
60 65 89
60 66 25
60 67 65
60 68 15
60 69 10
60 70 17
60 71 64
60 72 35
60 73 40
60 74 3
60 75 88
60 76 65
60 77 24
60 78 84
60 79 65
60 80 86
60 81 63
60 82 48
60 83 57
60 84 59
60 85 64
60 86 70
60 87 26
60 88 55
60 89 48
60 90 21
60 91 73
60 92 80
60 93 43
60 94 22
60 95 42
60 96 84
60 97 17
60 98 51
60 99 13
61 62 47
61 63 88
61 64 18
61 65 45
61 66 92
61 67 28
61 68 43
61 69 83
61 70 26
61 71 62
61 72 23
61 73 91
61 74 50
61 75 15
61 76 43
61 77 97
61 78 6
61 79 89
61 80 39
61 81 90
61 82 50
61 83 9
61 84 9
61 85 26
61 86 75
61 87 59
61 88 36
61 89 87
61 90 51
61 91 55
61 92 27
61 93 16
61 94 38
61 95 35
61 96 96
61 97 52
61 98 92
61 99 67
62 63 97
62 64 92
62 65 76
62 66 44
62 67 45
62 68 84
62 69 34
62 70 2
62 71 58
62 72 9
62 73 71
62 74 18
62 75 92
62 76 80
62 77 36
62 78 96
62 79 52
62 80 53
62 81 69
62 82 64
62 83 8
62 84 26
62 85 20
62 86 15
62 87 93
62 88 29
62 89 37
62 90 76
62 91 4
62 92 47
62 93 70
62 94 64
62 95 66
62 96 94
62 97 71
62 98 52
62 99 46
63 64 32
63 65 60
63 66 75
63 67 65
63 68 21
63 69 51
63 70 92
63 71 17
63 72 62
63 73 79
63 74 34
63 75 26
63 76 5
63 77 68
63 78 11
63 79 26
63 80 86
63 81 79
63 82 85
63 83 33
63 84 81
63 85 58
63 86 22
63 87 60
63 88 77
63 89 25
63 90 79
63 91 66
63 92 53
63 93 95
63 94 40
63 95 49
63 96 26
63 97 68
63 98 92
63 99 55
64 65 44
64 66 50
64 67 51
64 68 85
64 69 75
64 70 96
64 71 83
64 72 30
64 73 73
64 74 82
64 75 86
64 76 93
64 77 48
64 78 52
64 79 55
64 80 10
64 81 85
64 82 61
64 83 54
64 84 12
64 85 71
64 86 75
64 87 1
64 88 83
64 89 1
64 90 54
64 91 72
64 92 76
64 93 69
64 94 67
64 95 80
64 96 4
64 97 77
64 98 30
64 99 31
65 66 47
65 67 36
65 68 78
65 69 24
65 70 41
65 71 77
65 72 11
65 73 3
65 74 23
65 75 31
65 76 91
65 77 68
65 78 44
65 79 98
65 80 32
65 81 75
65 82 97
65 83 57
65 84 10
65 85 40
65 86 41
65 87 56
65 88 94
65 89 50
65 90 16
65 91 15
65 92 26
65 93 33
65 94 78
65 95 41
65 96 34
65 97 25
65 98 16
65 99 94
66 67 87
66 68 17
66 69 85
66 70 66
66 71 27
66 72 94
66 73 80
66 74 23
66 75 11
66 76 29
66 77 82
66 78 94
66 79 1
66 80 57
66 81 34
66 82 73
66 83 6
66 84 45
66 85 17
66 86 1
66 87 70
66 88 77
66 89 7
66 90 40
66 91 54
66 92 73
66 93 84
66 94 23
66 95 7
66 96 60
66 97 13
66 98 90
66 99 14
67 68 98
67 69 8
67 70 3
67 71 59
67 72 6
67 73 68
67 74 96
67 75 75
67 76 54
67 77 33
67 78 25
67 79 11
67 80 91
67 81 74
67 82 85
67 83 3
67 84 44
67 85 11
67 86 64
67 87 36
67 88 85
67 89 43
67 90 47
67 91 34
67 92 3
67 93 5
67 94 14
67 95 76
67 96 47
67 97 83
67 98 65
67 99 58
68 69 19
68 70 8
68 71 73
68 72 88
68 73 6
68 74 74
68 75 56
68 76 74
68 77 11
68 78 9
68 79 20
68 80 44
68 81 17
68 82 85
68 83 97
68 84 97
68 85 18
68 86 84
68 87 45
68 88 80
68 89 52
68 90 83
68 91 25
68 92 46
68 93 58
68 94 22
68 95 93
68 96 81
68 97 64
68 98 18
68 99 71
69 70 8
69 71 89
69 72 25
69 73 64
69 74 95
69 75 73
69 76 82
69 77 23
69 78 55
69 79 54
69 80 87
69 81 13
69 82 49
69 83 26
69 84 12
69 85 66
69 86 40
69 87 86
69 88 16
69 89 82
69 90 52
69 91 57
69 92 77
69 93 4
69 94 16
69 95 82
69 96 2
69 97 32
69 98 8
69 99 82
70 71 15
70 72 69
70 73 60
70 74 77
70 75 92
70 76 38
70 77 66
70 78 15
70 79 86
70 80 42
70 81 61
70 82 55
70 83 20
70 84 41
70 85 25
70 86 8
70 87 92
70 88 18
70 89 37
70 90 79
70 91 91
70 92 16
70 93 82
70 94 92
70 95 38
70 96 50
70 97 81
70 98 56
70 99 24
71 72 85
71 73 11
71 74 85
71 75 87
71 76 11
71 77 10
71 78 72
71 79 33
71 80 43
71 81 95
71 82 24
71 83 13
71 84 87
71 85 30
71 86 6
71 87 57
71 88 86
71 89 51
71 90 58
71 91 76
71 92 24
71 93 20
71 94 55
71 95 87
71 96 66
71 97 4
71 98 5
71 99 13
72 73 58
72 74 79
72 75 93
72 76 31
72 77 40
72 78 90
72 79 9
72 80 24
72 81 87
72 82 15
72 83 26
72 84 2
72 85 30
72 86 87
72 87 63
72 88 39
72 89 20
72 90 73
72 91 15
72 92 50
72 93 6
72 94 49
72 95 3
72 96 13
72 97 53
72 98 15
72 99 20
73 74 40
73 75 20
73 76 7
73 77 41
73 78 53
73 79 75
73 80 36
73 81 65
73 82 11
73 83 90
73 84 87
73 85 7
73 86 20
73 87 34
73 88 42
73 89 17
73 90 85
73 91 57
73 92 96
73 93 1
73 94 32
73 95 55
73 96 4
73 97 47
73 98 5
73 99 52
74 75 4
74 76 66
74 77 46
74 78 61
74 79 47
74 80 15
74 81 65
74 82 13
74 83 20
74 84 47
74 85 93
74 86 93
74 87 63
74 88 21
74 89 31
74 90 48
74 91 14
74 92 9
74 93 54
74 94 91
74 95 65
74 96 17
74 97 54
74 98 40
74 99 81
75 76 73
75 77 60
75 78 9
75 79 98
75 80 41
75 81 3
75 82 46
75 83 32
75 84 77
75 85 81
75 86 93
75 87 66
75 88 15
75 89 60
75 90 50
75 91 42
75 92 3
75 93 38
75 94 31
75 95 55
75 96 44
75 97 53
75 98 54
75 99 92
76 77 31
76 78 98
76 79 65
76 80 2
76 81 83
76 82 34
76 83 17
76 84 38
76 85 22
76 86 56
76 87 62
76 88 90
76 89 8
76 90 63
76 91 50
76 92 31
76 93 69
76 94 18
76 95 60
76 96 82
76 97 65
76 98 33
76 99 23
77 78 7
77 79 60
77 80 71
77 81 26
77 82 91
77 83 80
77 84 64
77 85 62
77 86 66
77 87 86
77 88 29
77 89 15
77 90 77
77 91 48
77 92 58
77 93 80
77 94 42
77 95 2
77 96 45
77 97 4
77 98 80
77 99 52
78 79 17
78 80 76
78 81 74
78 82 68
78 83 81
78 84 52
78 85 5
78 86 70
78 87 62
78 88 54
78 89 45
78 90 32
78 91 54
78 92 66
78 93 13
78 94 42
78 95 62
78 96 5
78 97 79
78 98 55
78 99 89
79 80 68
79 81 68
79 82 68
79 83 87
79 84 17
79 85 68
79 86 48
79 87 59
79 88 69
79 89 10
79 90 37
79 91 43
79 92 26
79 93 60
79 94 80
79 95 58
79 96 67
79 97 50
79 98 12
79 99 86
80 81 28
80 82 74
80 83 22
80 84 75
80 85 36
80 86 70
80 87 8
80 88 25
80 89 13
80 90 34
80 91 94
80 92 73
80 93 42
80 94 23
80 95 86
80 96 98
80 97 18
80 98 74
80 99 12
81 82 40
81 83 26
81 84 51
81 85 59
81 86 54
81 87 47
81 88 43
81 89 65
81 90 3
81 91 10
81 92 50
81 93 65
81 94 72
81 95 41
81 96 50
81 97 40
81 98 14
81 99 83
82 83 18
82 84 37
82 85 83
82 86 57
82 87 43
82 88 41
82 89 86
82 90 96
82 91 71
82 92 95
82 93 9
82 94 27
82 95 49
82 96 56
82 97 50
82 98 58
82 99 10
83 84 17
83 85 11
83 86 56
83 87 89
83 88 81
83 89 13
83 90 86
83 91 89
83 92 97
83 93 47
83 94 90
83 95 3
83 96 79
83 97 42
83 98 78
83 99 81
84 85 31
84 86 21
84 87 81
84 88 55
84 89 32
84 90 75
84 91 29
84 92 30
84 93 2
84 94 48
84 95 83
84 96 45
84 97 43
84 98 39
84 99 51
85 86 27
85 87 52
85 88 26
85 89 71
85 90 2
85 91 1
85 92 1
85 93 39
85 94 34
85 95 93
85 96 94
85 97 54
85 98 35
85 99 56
86 87 11
86 88 29
86 89 83
86 90 58
86 91 73
86 92 11
86 93 11
86 94 16
86 95 2
86 96 74
86 97 61
86 98 57
86 99 41
87 88 93
87 89 82
87 90 61
87 91 28
87 92 52
87 93 91
87 94 17
87 95 23
87 96 88
87 97 82
87 98 95
87 99 95
88 89 58
88 90 54
88 91 83
88 92 32
88 93 45
88 94 77
88 95 53
88 96 76
88 97 83
88 98 98
88 99 72
89 90 66
89 91 63
89 92 12
89 93 3
89 94 61
89 95 60
89 96 41
89 97 76
89 98 45
89 99 21
90 91 66
90 92 38
90 93 86
90 94 38
90 95 42
90 96 60
90 97 77
90 98 41
90 99 70
91 92 97
91 93 95
91 94 31
91 95 2
91 96 3
91 97 11
91 98 34
91 99 47
92 93 5
92 94 71
92 95 73
92 96 24
92 97 43
92 98 94
92 99 45
93 94 17
93 95 46
93 96 40
93 97 42
93 98 82
93 99 34
94 95 58
94 96 71
94 97 37
94 98 73
94 99 84
95 96 80
95 97 67
95 98 74
95 99 48
96 97 15
96 98 43
96 99 41
97 98 92
97 99 5
98 99 5
